The numbers are fovea (height, width), fovea down_factor, fovea_iters, error. 

FLAT ERROR 

Time budget: 0.2s
Coarse time budget: 0.1 * Time budget 
[(24, 36), (40, 60), (60, 90), (60, 90), (90, 135), (90, 135), (135, 202), (135, 202)]
[0, 0, 0, 1, 0, 1, 0, 1]
[150.0, 49.0, 19.0, 186.0, 7.0, 76.0, 2.0, 31.0]
[9.9115622166782469, 10.267666650581473, 10.328651029513292, 9.8054386009759291, 10.361378578935497, 10.018437058069605, 10.639442547690429, 11.37920199750406]

Coarse time budget: 0.5 * Time budget
[(24, 36), (40, 60), (60, 90) (60, 90), (90, 135), (90, 135), (135, 202), (135, 202)]
[0, 0, 0, 1, 0, 1, 1, 2]
[82.0, 26.0, 10.0, 104.0, 3.0, 42.0, 16.0, 152.0]
[8.1314900143003204, 8.5050325616091591, 8.5135515521686127, 8.117512396678439, 8.4787720401062341, 8.5476178197550716, 10.012631217604129, 11.843573296783189]

Coarse time budget: 0.7 * Time budget
[(24, 36), (40, 60), (40, 60), (60, 90), (60, 90), (90, 135), (135, 202), (135, 202)]
[0, 0, 1, 0, 1, 1, 1, 2]
[44.0, 15.0, 151.0, 5.0, 59.0, 23.0, 9.0, 90.0]
[8.2183695774859977, 8.4636337676643798, 8.0748813804204325, 8.4914145246671495, 8.114768583941693, 8.5419010436803724, 9.957479361582271, 11.820946347138719]

Coarse time budget: 0.9 * Time budget
[(24, 36), (24, 36), (40, 60), (40, 60), (60, 90), (60, 90), (90, 135), (90, 135), (135, 202), (135, 202)]
[0, 1, 0, 1, 1, 2, 1, 2, 1, 2]
[14.0, 167.0, 4.0, 49.0, 18.0, 192.0, 6.0, 71.0, 1, 28.0]
[8.1439817846563738, 8.0485232336035448, 8.4525180450344877, 8.0842593933586695, 8.1139912136940744, 8.8239935664199045, 8.5212041152301659, 9.8467082494748635, 10.103135326959368, 11.802185311152684]


UNWEIGHTED COST
Coarse time budget: 0.5 * Time budget
[(24, 36), (40, 60), (60, 90), (60, 90), (90, 135), (90, 135), (135, 202), (135, 202)]
[0, 0, 0, 1, 0, 1, 1, 2]
[83.0, 26.0, 10.0, 104.0, 3.0, 41.0, 17.0, 153.0]
[8.1306510961034668, 8.534761539355344, 8.4460543652574582, 8.2745342745610877, 9.0806601475501925, 8.2665773695737776, 10.033341827214992, 11.822578856503148]


CLOSE ERROR
Coarse time budget: 0.5 * Time budget
[2, 3]
[6.0, 66.0]
[61.346836248857834, 91.691859008271734]
best down_factor 2 best iters 6.0

[(24, 36), (40, 60), (60, 90), (60, 90), (90, 135), (90, 135), (135, 202), (135, 202)]
[0, 0, 0, 1, 0, 1, 1, 2]
[81.0, 24.0, 10.0, 100.0, 3.0, 42.0, 16.0, 150.0]
[45.189072641239783, 45.064074849494126, 45.448608848631579, 51.346744269453453, 44.691949380993236, 56.576752611437236, 66.012459863075065, 81.552032138080307]

Coarse time budget: 0.9 * Time budget
[2, 3]
[12.0, 121.0]
[61.326009708329913, 91.692038897677705]
best down_factor 2 best iters 12.0

[(24, 36), (24, 36), (40, 60), (40, 60), (60, 90), (60, 90), (90, 135), (90, 135), (135, 202), (135, 202)]
[0, 1, 0, 1, 1, 2, 1, 2, 1, 2]
[15.0, 167.0, 4.0, 49.0, 18.0, 186.0, 6.0, 71.0, 1, 28.0]
[45.212033857458991, 46.05437898358376, 45.083649465087205, 47.732018380499788, 50.93968160274504, 56.696734791799919, 56.599744973644377, 66.900474987627007, 65.856898173751887, 81.545601198321947]
